11001000421
11001003123
11001003125
11001003708
11001003730
11001004960
11001004992
11002002056
11002002637
11002002789
11003000407
011003000581
11003000896
11003000941
011003002563
11003002573
11003002615
11003002802
11003003356
11003003751
011003003900
011003003908
011003004092
011003004107
011004000078
011004000112
011004000533
011004000652
011004002086
011004002088
011004002106
011004002212
011004002387
011004002475
011004002772
011004002867
011004002964
011004003000
011004003009
011004003023
011004003150
011004003170
011005000115
011005000125
011005000381
011005000383
011005000446
011005000492
011005000503
011005000516
011005002159
011005002224
011005002371
011005002383
011005002559
011005002562
011005002587
011005002594
011005002613
011005002614
011005002617
011005002641
011005002644
011005002665
011005002675
011005002682
011005002686
011005002706
011005002713
011005002714
011005002719
011005002720
011005002746
011005002786
011006000087
011006000094
011006002847
011006002925
011006003069
011006003092
011006003165
011006003176
011006003186
011007002145
011007002493
011007002688
011007002696
011007002766
011007002771
011007002814
011008000297
011008001764
011008001842
011008004407
011008004677
011008004871
011008005623
011008005681
011008005957
011008006056
011008006094
011008006121
011008006348
011008006353
011008006476
011008006502
011008006560
011008006573
011008006613
011008006617
011008006622
011008006748
011009000003
011009000006
011009000039
011009000136
011009000555
011009003033
011009003132
011009003237
011009003945
011009003972
011009004041
011009004042
011009004068
011009004076
011009004111
011009004112
011009004118
011010000836
011010003272
011010003323
011010004061
011010004218
011010004325
011010004327
011010004470
011010004510
011010004564
011011000001
011011000002
011011000017
011011000018
011011000027
011011000136
011011000164
011011000381
011011001513
011011001530
011011001560
011011001700
011011003634
011011003902
011011003960
011011004239
011011004343
011011004715
011011005427
011011005437
011011006014
011011006035
011011006122
011011006211
011011006292
011011006357
011011006425
011011006465
011011006517
011011006534
011011006553
011011006604
011011006692
011011006794
011011006879
011011006885
011011006942
011011007014
011012000068
011012000469
011012003112
011012003231
011012003308
011012003309
011012003331
011013003612
011013003697
011013003752
011013004055
011013005600
011014002058
011014004507
011014004527
011014005466
011014005787
011014005789
011014005855
011014005957
011014006425
011014006644
011014006728
011014006876
011014006942
011014007142
011015000557
011015000822
011015003772
011015004077
011015004201
011015004292
011016000040
011016000078
011016000178
011016000180
011016000197
011016000205
011016000509
011016000601
011016005479
011016005615
011016005627
011016006044
011016006206
011016006281
011016006330
011016006393
011016006483
011016007032
011016007803
011016007944
011016008041
011016008206
011016008415
011016008703
011016008775
011016008780
011016008832
011016008858
011016008895
011016008907
011016008964
011016008981
011016009012
011016009068
011016009081
011016009108
011016009141
011016009350
011016009491
011016009512
011016009536
011016009636
011016009686
011016009741
011016009756
011016009779
011016009803
011017000404
011017000499
011017000710
011017002522
011017002583
011017002592
011017002593
011017002764
011017002765
011017002800
011017002803
011017003264
011017003291
011017003334
011017003424
011017003507
011017003554
011017003644
011018000753
011018004616
011019002118
011019002147
011019002172
011019002542
011019002715
011020002058
011020003052
011020003219
011020003823
011020003975
011020003998
011021000030
011021000142
011021001109
011021002849
011021004961
011021005104
011021005281
011021005355
011021005693
011021006174
011021006564
011021007081
011021007227
011021007259
011021007283
011021007313
011021007319
011021007331
011021007393
011021007400
011021007472
011021007491
011021007522
011021007570
011022000157
011022000180
011022000453
011022002104
011022002160
011022002210
011022002252
011022002259
011022002279
011022002280
011022002293
011023007000
011023007215
011023007272
011023007431
011023007503
011023007916
011023007937
011023008100
011023008179
011023009123
011023009150
011023009311
011023009413
011023009540
011023009667
011023009750
011023009791
011023009926
011023010060
011023010248
011023010799
011023010847
011023010992
011023011123
011023011125
011023011346
011023011354
011023011418
011023011429
011023011489
011023011622
011023011657
011023011758
011023011846
011023011905
011023012106
011023012134
011023012186
011023012191
011023012372
011023012408
011023012727
011023013759
011023014121
011023014245
011023014452
011023014463
011023014496
011023014703
011023014914
011023014969
011023014975
011023015031
011023015039
011023015357
011023015500
011023015638
011023015733
011023015741
011023015897
011023015964
011023015982
011023016010
011023016251
011023016276
011023016691
011023016747
011023016786
011023016890
011023017061
011023017128
011023017198
011023017270
011023017303
011023017556
011023017576
011023017585
011023017596
011023017625
011023017685
011023017777
011023017903
011023017904
011023017934
011023017965
011023018108
011023018126
011023018177
011023018202
011023018231
011023018289
011023018371
011023018461
011023018517
011023018538
011023018685
011023018703
011023018746
011023018796
011023018858
011023018874
011023019096
011023019202
011023019210
011023019502
011023019609
011023019644
011023019668
011023019717
011023019941
011023020024
011023020033
011023020034
011023020155
011023020245
011023020252
011023020276
011023020277
011023020286
011023020289
011023020351
011023020356
011023020384
011023020396
011023020454
011023020665
011023020687
011023020893
011023020928
011023020929
011023020980
011023021103
011023021148
011023021183
011023021241
011023021274
011023021276
011023021575
011023021584
011023021628
011023021637
011023021691
011023021693
011023021759
011023021761
011023021791
011023021814
011023021888
011023021955
011023021963
011023021987
011023022053
011023022073
011023022159
011023022175
011023022242
011023022297
011023022337
011023022370
011023022396
011023022479
011023022491
011023022494
011023022498
011023022537
011023022606
011023022610
011023022632
011023022708
011023022714
011023022715
011023022796
011023022868
011023022889
011023022941
011023022950
011023022990
011023023297
011023023798
011023024054
011023024101
011023024202
011023024241
011023024253
011023024362
011023024431
011023024569
011023024593
011023024902
011023030685
011023030754
011023030759
011023030765
011023030788
011023030941
011023030946
011023030949
011023030974
011023030975
011023031360
011023031869
011023031980
011023032079
011023032494
011023032666
011023033107
011023033110
011023033143
011023033150
011023033241
011023033283
011023033351
011023033385
011023033434
011023033525
011023033537
011023033571
011023033599
011023033610
011023033614
011023033718
011023033739
011023033779
011023033785
011023033793
011023033894
011023033912
011023034052
011023034079
011023034102
011023034172
011023034235
011023034255
011023034296
011023034333
011023034358
011023034392
011023034409
011023034426
011023034438
011023034470
011023034480
011023034544
011023034604
011023034606
011023034621
011023034667
011023034703
011023034708
011023034729
011023034732
011023034742
011023034762
011023034776
011023034781
011023034790
011023034793
011023034797
011023034814
011023034816
011023050696
011024003041
011024005532
011024005995
011024006203
011024006460
011024006791
011024007278
011024007293
011024007386
011024007412
011024007798
011024007928
011024007987
011024008291
011024008342
011024009720
011024009824
011024009838
011024009898
011024009945
011024010280
011024010736
011024010911
011024011054
011024011663
011024011828
011024012240
011024012331
011024012376
011024012380
011024012381
011024012399
011024012549
011024012681
011024012708
011024012847
011024012913
011024013841
011024014114
011024014203
011024014326
011024014362
011024014410
011024014436
011024014521
011024014677
011024014845
011024014848
011024014867
011024014933
011024014940
011024015145
011024015218
011024015536
011024015655
011024015656
011024015657
011024015690
011024015785
011024015812
011024015834
011024015836
011024015853
011024015857
011024015858
011024015903
011024016020
011024016198
011024016350
011024016662
011024016709
011024016775
011024016787
011024016857
011024016975
011024017076
011024017245
011024017347
011024017498
011024017508
011024017589
011024017615
011024017783
011024017838
011024017840
011024017849
011024017872
011024017875
011024017932
011024018021
011024018031
011024018084
011024018115
011024018269
011024018329
011024018471
011024018474
011024018523
011024018668
011024018679
011024018734
011024018744
011024018758
011024018855
011024019041
011024019042
011024019426
011024019669
011024020056
011024020057
011024020058
011024020092
011024020235
011024020271
011024020378
011024020607
011024020672
011024020687
011024020748
011024020890
011024020911
011024020923
011024022215
011024022261
011024040278
011024040495
011024040736
011024040909
011024041331
011024041506
011024041519
011024041783
011024041909
011024041954
011024042080
011024042173
011024042225
011024042342
011025001023
011025002004
011025002007
011025006601
011025007016
011025007096
011025007230
011025007464
011025007483
011025007611
011025007681
011025007781
011025007817
011025008465
011025009193
011025009432
011025010096
011025010454
011025010470
011025010746
011025011054
011025011088
011025011108
011025011313
011025011314
011025011594
011025011820
011025012010
011025012056
011025012383
011025012389
011025012402
011025012410
011025012636
011025012823
011025012839
011025012893
011025013507
011025013856
011025013868
011025013950
011025013962
011025014081
011025014202
011025014374
011025014429
011025014458
011025014542
011025014574
011025014639
011025014849
011025014885
011025014887
011025015168
011025015235
011025015302
011025015462
011025015512
011025015524
011025015527
011025015756
011025015778
011025015790
011025015848
011025016013
011025016015
011025016103
011025016187
011025016250
011025016294
011025016353
011025016376
011025016472
011025016568
011025016588
011025016632
011025016656
011025016668
011025016731
011025016885
011025017025
011025017034
011025017119
011025017127
011025017175
011025017212
011025017239
011025017353
011025017398
011025017422
011025017434
011025017449
011025017524
011025017578
011025017579
011025017601
011025017609
011025017655
011025017707
011025017731
011025017745
011025017749
011025017766
011025017773
011025017802
011025017877
011025017878
011025017923
011025017927
011025017989
011025017991
011025018016
011025018027
011025018065
011025018074
011025018106
011025018132
011025018133
011025018173
011025018189
011025018206
011025018255
011025018268
011025018275
011025018294
011025018307
011025018308
011025018352
011025018369
011025018469
011025018487
011025018533
011025018569
011025018582
011025018604
011025018699
011025018714
011025018734
011025018735
011025018755
011025018824
011025018828
011025018829
011025018845
011025018862
011025018901
011025018951
011025018954
011025018965
011025019063
011025019085
011025019115
011025019117
011025019121
011025019128
011025019135
011025019142
011025019144
011025019151
011025019160
011025019170
011025019171
011025023055
011025023421
011025023679
011025023773
011025023918
011025023992
011025024119
011025024618
011025026815
011025031045
011025031248
011025031576
011025031693
011025031704
011025031708
011026000033
011026000143
011026000316
011026000462
011026000558
011026000629
011026000678
011026000688
011026000924
011026000928
011027001389
